# Game Level Exporter v1.0
MESH
Farm_House.001
<Matrix 4x4 (1.0000, 0.0000,  0.0000, 0.0000)
            (0.0000, 1.0000, -0.0000, 0.0000)
            (0.0000, 0.0000,  1.0000, 0.0000)
            (0.0000, 0.0000,  0.0000, 1.0000)>
MESH
Floating_Island.001
<Matrix 4x4 (1.0000, 0.0000,  0.0000, 0.0000)
            (0.0000, 1.0000, -0.0000, 0.0000)
            (0.0000, 0.0000,  1.0000, 0.0000)
            (0.0000, 0.0000,  0.0000, 1.0000)>
MESH
Firewood_Stump
<Matrix 4x4 (1.0000, 0.0000,  0.0000, 0.0000)
            (0.0000, 1.0000, -0.0000, 0.0000)
            (0.0000, 0.0000,  1.0000, 0.0000)
            (0.0000, 0.0000,  0.0000, 1.0000)>
MESH
Farm_Mill
<Matrix 4x4 (1.0000, 0.0000,  0.0000, 0.0000)
            (0.0000, 1.0000, -0.0000, 0.0000)
            (0.0000, 0.0000,  1.0000, 0.0000)
            (0.0000, 0.0000,  0.0000, 1.0000)>
MESH
Farm_Barn
<Matrix 4x4 (1.0000, 0.0000,  0.0000, 0.0000)
            (0.0000, 1.0000, -0.0000, 0.0000)
            (0.0000, 0.0000,  1.0000, 0.0000)
            (0.0000, 0.0000,  0.0000, 1.0000)>
CAMERA
Camera
<Matrix 4x4 (-0.9999,   0.0021,  -0.0138, 0.0000)
            ( 0.0087,   0.8648,  -0.5020, 0.0000)
            ( 0.0109,  -0.5021,  -0.8647, 0.0000)
            (-4.7568, 410.3126, 606.1936, 1.0000)>
MESH
GrassPatch2.001
<Matrix 4x4 ( 0.9989, -0.0458,   0.0000, 0.0000)
            ( 0.0458,  0.9975,   0.0532, 0.0000)
            (-0.0024, -0.0532,   0.9986, 0.0000)
            (75.6906, 50.3984, 127.6327, 1.0000)>
MESH
GrassPatch2.002
<Matrix 4x4 ( -0.9954,  0.0877,  0.0386, 0.0000)
            (  0.0929,  0.9823,  0.1624, 0.0000)
            ( -0.0237,  0.1653, -0.9860, 0.0000)
            (115.9529, 51.5059, 93.8124, 1.0000)>
MESH
GrassPatch2.003
<Matrix 4x4 ( -0.0183, -0.0458,  0.9988, 0.0000)
            ( -0.0541,  0.9975,  0.0448, 0.0000)
            ( -0.9984, -0.0532, -0.0207, 0.0000)
            (144.5391, 50.3984, 39.2570, 1.0000)>
MESH
GrassPatch2.004
<Matrix 4x4 (  0.2571, -0.0458,   0.9653, 0.0000)
            ( -0.0397,  0.9975,   0.0579, 0.0000)
            ( -0.9656, -0.0532,   0.2546, 0.0000)
            (152.7728, 50.3984, -13.2652, 1.0000)>
MESH
GrassPatch2.006
<Matrix 4x4 (  0.3851, -0.0458, 0.9217, 0.0000)
            ( -0.0315,  0.9975, 0.0628, 0.0000)
            ( -0.9223, -0.0532, 0.3827, 0.0000)
            (107.0549, 56.9781, 2.1955, 1.0000)>
MESH
GrassPatch2.007
<Matrix 4x4 (  0.4811, -0.0458,   0.8755, 0.0000)
            ( -0.0246,  0.9975,   0.0658, 0.0000)
            ( -0.8763, -0.0532,   0.4787, 0.0000)
            (-95.6676, 50.3984, 117.9257, 1.0000)>
MESH
GrassPatch2.008
<Matrix 4x4 (   0.0180, -0.0458,  0.9988, 0.0000)
            (  -0.0524,  0.9975,  0.0467, 0.0000)
            (  -0.9985, -0.0532,  0.0156, 0.0000)
            (-135.3605, 50.3984, 65.5831, 1.0000)>
MESH
GrassPatch2.009
<Matrix 4x4 (   0.4811, -0.0458,  0.8755, 0.0000)
            (  -0.0246,  0.9975,  0.0658, 0.0000)
            (  -0.8763, -0.0532,  0.4787, 0.0000)
            (-101.8548, 53.0810, 79.2076, 1.0000)>
MESH
GrassPatch2.010
<Matrix 4x4 (  -0.2615, -0.0458,  0.9641, 0.0000)
            (  -0.0634,  0.9975,  0.0302, 0.0000)
            (  -0.9631, -0.0532, -0.2637, 0.0000)
            (-160.0289, 50.3984, 17.4938, 1.0000)>
MESH
GrassPatch1.001
<Matrix 4x4 (  1.0000,  0.0000,  0.0000, 0.0000)
            (  0.0000,  1.0000, -0.0000, 0.0000)
            (  0.0000,  0.0000,  1.0000, 0.0000)
            (112.6895, 54.9085, 39.1203, 1.0000)>
MESH
GrassPatch1.002
<Matrix 4x4 (  1.0000,  0.0000,  0.0000, 0.0000)
            (  0.0000,  1.0000, -0.0000, 0.0000)
            (  0.0000,  0.0000,  1.0000, 0.0000)
            (118.4970, 54.9085, 52.3550, 1.0000)>
MESH
GrassPatch1.003
<Matrix 4x4 (  1.0000,  0.0000,  0.0000, 0.0000)
            (  0.0000,  1.0000, -0.0000, 0.0000)
            (  0.0000,  0.0000,  1.0000, 0.0000)
            (126.6898, 54.9085, 63.6575, 1.0000)>
MESH
GrassPatch1.004
<Matrix 4x4 (  1.0000,  0.0000,  0.0000, 0.0000)
            (  0.0000,  1.0000, -0.0000, 0.0000)
            (  0.0000,  0.0000,  1.0000, 0.0000)
            (100.3370, 54.9085, 30.1984, 1.0000)>
MESH
GrassPatch1.005
<Matrix 4x4 (  1.0000,  0.0000,  0.0000, 0.0000)
            (  0.0000,  1.0000, -0.0000, 0.0000)
            (  0.0000,  0.0000,  1.0000, 0.0000)
            (104.5460, 54.9085, 43.8836, 1.0000)>
MESH
GrassPatch1.006
<Matrix 4x4 (  1.0000,  0.0000,  0.0000, 0.0000)
            (  0.0000,  1.0000, -0.0000, 0.0000)
            (  0.0000,  0.0000,  1.0000, 0.0000)
            (109.0027, 54.9085, 58.4221, 1.0000)>
MESH
GrassPatch1.007
<Matrix 4x4 (  1.0000,  0.0000,  0.0000, 0.0000)
            (  0.0000,  1.0000, -0.0000, 0.0000)
            (  0.0000,  0.0000,  1.0000, 0.0000)
            (122.7095, 54.9085, 42.5404, 1.0000)>
MESH
GrassPatch1.008
<Matrix 4x4 (  1.0000,  0.0000,  0.0000, 0.0000)
            (  0.0000,  1.0000, -0.0000, 0.0000)
            (  0.0000,  0.0000,  1.0000, 0.0000)
            (112.4418, 54.9085, 67.2750, 1.0000)>
MESH
GrassPatch1.009
<Matrix 4x4 (  1.0000,  0.0000,  0.0000, 0.0000)
            (  0.0000,  1.0000, -0.0000, 0.0000)
            (  0.0000,  0.0000,  1.0000, 0.0000)
            (101.3367, 54.9085, 68.6343, 1.0000)>
MESH
GrassPatch1.010
<Matrix 4x4 ( 1.0000,  0.0000,  0.0000, 0.0000)
            ( 0.0000,  1.0000, -0.0000, 0.0000)
            ( 0.0000,  0.0000,  1.0000, 0.0000)
            (97.8996, 55.1782, 55.6291, 1.0000)>
MESH
GrassPatch1.011
<Matrix 4x4 ( 1.0000,  0.0000,  0.0000, 0.0000)
            ( 0.0000,  1.0000, -0.0000, 0.0000)
            ( 0.0000,  0.0000,  1.0000, 0.0000)
            (96.0327, 55.1782, 42.9829, 1.0000)>
MESH
GrassPatch1.012
<Matrix 4x4 ( 0.9426,  0.0000,  0.3340, 0.0000)
            ( 0.0000,  1.0000, -0.0000, 0.0000)
            (-0.3340,  0.0000,  0.9426, 0.0000)
            (94.9854, 55.1782, 32.3358, 1.0000)>
MESH
GrassPatch1.013
<Matrix 4x4 (   1.0000,  0.0000,  0.0000, 0.0000)
            (   0.0000,  1.0000, -0.0000, 0.0000)
            (   0.0000,  0.0000,  1.0000, 0.0000)
            (-108.0590, 54.7863, 31.7115, 1.0000)>
MESH
GrassPatch1.014
<Matrix 4x4 (   1.0000,  0.0000,  0.0000, 0.0000)
            (   0.0000,  1.0000, -0.0000, 0.0000)
            (   0.0000,  0.0000,  1.0000, 0.0000)
            (-119.1161, 54.7863, 25.4979, 1.0000)>
MESH
GrassPatch1.015
<Matrix 4x4 (   1.0000,  0.0000,  0.0000, 0.0000)
            (   0.0000,  1.0000, -0.0000, 0.0000)
            (   0.0000,  0.0000,  1.0000, 0.0000)
            (-133.2368, 53.4995, 35.5554, 1.0000)>
MESH
GrassPatch1.016
<Matrix 4x4 (   1.0000,  0.0000,  0.0000, 0.0000)
            (   0.0000,  1.0000, -0.0000, 0.0000)
            (   0.0000,  0.0000,  1.0000, 0.0000)
            (-123.8630, 54.2780, 36.9067, 1.0000)>
MESH
GrassPatch1.017
<Matrix 4x4 (   1.0000,  0.0000,  0.0000, 0.0000)
            (   0.0000,  1.0000, -0.0000, 0.0000)
            (   0.0000,  0.0000,  1.0000, 0.0000)
            (-113.0372, 55.0909, 43.5503, 1.0000)>
MESH
GrassPatch1.018
<Matrix 4x4 (   1.0000,  0.0000,  0.0000, 0.0000)
            (   0.0000,  1.0000, -0.0000, 0.0000)
            (   0.0000,  0.0000,  1.0000, 0.0000)
            (-102.1697, 55.0909, 48.9157, 1.0000)>
MESH
GrassPatch1.019
<Matrix 4x4 (   1.0000,  0.0000,  0.0000, 0.0000)
            (   0.0000,  1.0000, -0.0000, 0.0000)
            (   0.0000,  0.0000,  1.0000, 0.0000)
            (-129.0282, 54.7863, 13.3448, 1.0000)>
MESH
GrassPatch1.020
<Matrix 4x4 (   1.0000,  0.0000,  0.0000, 0.0000)
            (   0.0000,  1.0000, -0.0000, 0.0000)
            (   0.0000,  0.0000,  1.0000, 0.0000)
            (-146.0578, 54.7863, -3.3338, 1.0000)>
MESH
GrassPatch1.021
<Matrix 4x4 (   1.0000,  0.0000,   0.0000, 0.0000)
            (   0.0000,  1.0000,  -0.0000, 0.0000)
            (   0.0000,  0.0000,   1.0000, 0.0000)
            (-178.1081, 47.0456, -14.7943, 1.0000)>
MESH
GrassPatch1.022
<Matrix 4x4 (   1.0000,  0.0000,   0.0000, 0.0000)
            (   0.0000,  1.0000,  -0.0000, 0.0000)
            (   0.0000,  0.0000,   1.0000, 0.0000)
            (-144.9708, 51.7081, -20.9021, 1.0000)>
MESH
GrassPatch1.023
<Matrix 4x4 (   1.0000,  0.0000,   0.0000, 0.0000)
            (   0.0000,  1.0000,  -0.0000, 0.0000)
            (   0.0000,  0.0000,   1.0000, 0.0000)
            (-155.7682, 51.7081, -33.1568, 1.0000)>
MESH
GrassPatch1.024
<Matrix 4x4 (   1.0000,  0.0000,   0.0000, 0.0000)
            (   0.0000,  1.0000,  -0.0000, 0.0000)
            (   0.0000,  0.0000,   1.0000, 0.0000)
            (-138.2350, 52.2135, -38.8481, 1.0000)>
MESH
GrassPatch1.025
<Matrix 4x4 (   1.0000,  0.0000,   0.0000, 0.0000)
            (   0.0000,  1.0000,  -0.0000, 0.0000)
            (   0.0000,  0.0000,   1.0000, 0.0000)
            (-132.4659, 52.2135, -46.9743, 1.0000)>
MESH
GrassPatch1.026
<Matrix 4x4 (   1.0000,  0.0000,   0.0000, 0.0000)
            (   0.0000,  1.0000,  -0.0000, 0.0000)
            (   0.0000,  0.0000,   1.0000, 0.0000)
            (-150.7326, 52.2135, -43.2575, 1.0000)>
MESH
GrassPatch1.027
<Matrix 4x4 (   0.1830,  0.0000,   0.9831, 0.0000)
            (   0.0000,  1.0000,  -0.0000, 0.0000)
            (  -0.9831,  0.0000,   0.1830, 0.0000)
            (-140.9722, 52.2135, -53.0722, 1.0000)>
MESH
GrassPatch1.028
<Matrix 4x4 (   0.1830,  0.0000,   0.9831, 0.0000)
            (   0.0000,  1.0000,  -0.0000, 0.0000)
            (  -0.9831,  0.0000,   0.1830, 0.0000)
            (-146.5655, 52.2135, -60.2510, 1.0000)>
MESH
GrassPatch1.029
<Matrix 4x4 (   1.0000,  0.0000,   0.0000, 0.0000)
            (   0.0000,  1.0000,  -0.0000, 0.0000)
            (   0.0000,  0.0000,   1.0000, 0.0000)
            (-159.4692, 50.9826, -54.6364, 1.0000)>
MESH
GrassPatch1.030
<Matrix 4x4 (   1.0000,  0.0000,   0.0000, 0.0000)
            (   0.0000,  1.0000,  -0.0000, 0.0000)
            (   0.0000,  0.0000,   1.0000, 0.0000)
            (-163.8176, 49.9128, -46.1671, 1.0000)>
MESH
GrassPatch1.031
<Matrix 4x4 (   1.0000,  0.0000,   0.0000, 0.0000)
            (   0.0000,  1.0000,  -0.0000, 0.0000)
            (   0.0000,  0.0000,   1.0000, 0.0000)
            (-172.3594, 49.9128, -42.6970, 1.0000)>
MESH
GrassPatch1.032
<Matrix 4x4 (   0.6936, -0.0479,   0.7188, 0.0000)
            (   0.0000,  0.9978,   0.0665, 0.0000)
            (  -0.7204, -0.0461,   0.6920, 0.0000)
            (-179.6972, 46.9002, -30.9050, 1.0000)>
MESH
GrassPatch1.034
<Matrix 4x4 (   0.1830,  0.0000,   0.9831, 0.0000)
            (   0.0000,  1.0000,  -0.0000, 0.0000)
            (  -0.9831,  0.0000,   0.1830, 0.0000)
            (-153.2882, 52.2135, -68.5644, 1.0000)>
MESH
GrassPatch1.033
<Matrix 4x4 (   0.4768,  0.0000,   0.8790, 0.0000)
            (   0.0000,  1.0000,  -0.0000, 0.0000)
            (  -0.8790,  0.0000,   0.4768, 0.0000)
            (-166.1920, 50.1276, -62.9498, 1.0000)>
MESH
GrassPatch1.035
<Matrix 4x4 (   0.4768,  0.0000,   0.8790, 0.0000)
            (   0.0000,  1.0000,  -0.0000, 0.0000)
            (  -0.8790,  0.0000,   0.4768, 0.0000)
            (-159.3117, 50.1276, -76.8037, 1.0000)>
MESH
GrassPatch1.036
<Matrix 4x4 (   0.4592,  0.0000,  -0.8883, 0.0000)
            (  -0.0000,  1.0000,  -0.0000, 0.0000)
            (   0.8883,  0.0000,   0.4592, 0.0000)
            (-164.6869, 49.8777, -16.0954, 1.0000)>
MESH
GrassPatch1.037
<Matrix 4x4 (  1.0000,  0.0000,  0.0000, 0.0000)
            (  0.0000,  1.0000, -0.0000, 0.0000)
            (  0.0000,  0.0000,  1.0000, 0.0000)
            (131.6599, 54.9085, -1.8424, 1.0000)>
MESH
GrassPatch1.038
<Matrix 4x4 (  1.0000,  0.0000,   0.0000, 0.0000)
            (  0.0000,  1.0000,  -0.0000, 0.0000)
            (  0.0000,  0.0000,   1.0000, 0.0000)
            (156.0000, 49.3514, -42.3000, 1.0000)>
MESH
GrassPatch1.039
<Matrix 4x4 (  1.0000,  0.0000,   0.0000, 0.0000)
            (  0.0000,  1.0000,  -0.0000, 0.0000)
            (  0.0000,  0.0000,   1.0000, 0.0000)
            (147.8716, 49.3514, -55.9612, 1.0000)>
MESH
GrassPatch1.040
<Matrix 4x4 (  1.0000,  0.0000,   0.0000, 0.0000)
            (  0.0000,  1.0000,  -0.0000, 0.0000)
            (  0.0000,  0.0000,   1.0000, 0.0000)
            (154.8758, 47.8982, -58.7597, 1.0000)>
MESH
GrassPatch1.042
<Matrix 4x4 (  1.0000,  0.0000,   0.0000, 0.0000)
            (  0.0000,  1.0000,  -0.0000, 0.0000)
            (  0.0000,  0.0000,   1.0000, 0.0000)
            (102.1299, 55.6155, -63.5945, 1.0000)>
MESH
GrassPatch1.041
<Matrix 4x4 (  1.0000,  0.0000,   0.0000, 0.0000)
            (  0.0000,  1.0000,  -0.0000, 0.0000)
            (  0.0000,  0.0000,   1.0000, 0.0000)
            (109.1341, 54.1624, -66.3930, 1.0000)>
MESH
GrassPatch1.044
<Matrix 4x4 (  0.8372,  0.0000,  -0.5469, 0.0000)
            ( -0.0000,  1.0000,  -0.0000, 0.0000)
            (  0.5469,  0.0000,   0.8372, 0.0000)
            (127.6067, 51.6047, -66.2709, 1.0000)>
MESH
GrassPatch1.043
<Matrix 4x4 (  0.8372,  0.0000,  -0.5469, 0.0000)
            ( -0.0000,  1.0000,  -0.0000, 0.0000)
            (  0.5469,  0.0000,   0.8372, 0.0000)
            (123.2731, 52.7777, -60.0975, 1.0000)>
MESH
GrassPatch1.045
<Matrix 4x4 (  0.8846,  0.0000,  -0.4663, 0.0000)
            ( -0.0000,  1.0000,  -0.0000, 0.0000)
            (  0.4663,  0.0000,   0.8846, 0.0000)
            (113.7599, 54.1624, -75.0798, 1.0000)>
MESH
GrassPatch1.046
<Matrix 4x4 (  0.8846,  0.0000,  -0.4663, 0.0000)
            ( -0.0000,  1.0000,  -0.0000, 0.0000)
            (  0.4663,  0.0000,   0.8846, 0.0000)
            (117.9973, 54.1624, -84.3461, 1.0000)>
MESH
GrassPatch1.047
<Matrix 4x4 (  0.8846,  0.0000,  -0.4663, 0.0000)
            ( -0.0000,  1.0000,  -0.0000, 0.0000)
            (  0.4663,  0.0000,   0.8846, 0.0000)
            (133.0975, 54.1624, -77.7463, 1.0000)>
MESH
GrassPatch1.048
<Matrix 4x4 ( -0.5860,  0.0000,  -0.8103, 0.0000)
            ( -0.0000,  1.0000,   0.0000, 0.0000)
            (  0.8103,  0.0000,  -0.5860, 0.0000)
            (139.8813, 49.8070, -60.3469, 1.0000)>
MESH
GrassPatch1.049
<Matrix 4x4 (  0.8846,  0.0000,  -0.4663, 0.0000)
            ( -0.0000,  1.0000,  -0.0000, 0.0000)
            (  0.4663,  0.0000,   0.8846, 0.0000)
            (126.8534, 49.4765, -91.7539, 1.0000)>
MESH
Fence_1.001
<Matrix 4x4 (  1.0000,  0.0000,   0.0000, 0.0000)
            (  0.0000,  1.0000,  -0.0000, 0.0000)
            (  0.0000,  0.0000,   1.0000, 0.0000)
            (109.2195, 54.8912, 134.3051, 1.0000)>
MESH
Fence_1.002
<Matrix 4x4 (  0.9101,  0.0000, -0.4144, 0.0000)
            ( -0.0000,  1.0000, -0.0000, 0.0000)
            (  0.4144,  0.0000,  0.9101, 0.0000)
            (155.8572, 54.8912, 79.8377, 1.0000)>
MESH
Fence_1.003
<Matrix 4x4 (  0.6570,  0.0000, -0.7539, 0.0000)
            ( -0.0000,  1.0000, -0.0000, 0.0000)
            (  0.7539,  0.0000,  0.6570, 0.0000)
            (175.9419, 54.8912, 11.1376, 1.0000)>
MESH
Fence_1.004
<Matrix 4x4 (  0.2321,  0.0000,  -0.9727, 0.0000)
            ( -0.0000,  1.0000,  -0.0000, 0.0000)
            (  0.9727,  0.0000,   0.2321, 0.0000)
            (164.3561, 54.8912, -58.0643, 1.0000)>
MESH
Fence_1.005
<Matrix 4x4 ( -0.1261,  0.0000,   -0.9920, 0.0000)
            ( -0.0000,  1.0000,    0.0000, 0.0000)
            (  0.9920,  0.0000,   -0.1261, 0.0000)
            (124.6928, 54.8912, -117.8202, 1.0000)>
MESH
Fence_1.006
<Matrix 4x4 (-0.4652,  0.0000,   -0.8852, 0.0000)
            (-0.0000,  1.0000,    0.0000, 0.0000)
            ( 0.8852,  0.0000,   -0.4652, 0.0000)
            (66.2417, 54.8912, -159.8319, 1.0000)>
MESH
Fence_1.007
<Matrix 4x4 (-0.8161,  0.0000,   -0.5779, 0.0000)
            (-0.0000,  1.0000,    0.0000, 0.0000)
            ( 0.5779,  0.0000,   -0.8161, 0.0000)
            (-3.9518, 54.8912, -174.7056, 1.0000)>
MESH
Fence_1.008
<Matrix 4x4 ( -0.9742,  0.0000,   -0.2257, 0.0000)
            ( -0.0000,  1.0000,    0.0000, 0.0000)
            (  0.2257,  0.0000,   -0.9742, 0.0000)
            (-73.8061, 54.8912, -158.5272, 1.0000)>
MESH
Fence_1.009
<Matrix 4x4 (  -0.9958,  0.0000,    0.0915, 0.0000)
            (   0.0000,  1.0000,    0.0000, 0.0000)
            (  -0.0915,  0.0000,   -0.9958, 0.0000)
            (-134.3447, 54.8912, -119.6468, 1.0000)>
MESH
Fence_1.010
<Matrix 4x4 (  -0.8622,  0.0000,   0.5066, 0.0000)
            (   0.0000,  1.0000,   0.0000, 0.0000)
            (  -0.5066,  0.0000,  -0.8622, 0.0000)
            (-174.7908, 54.8912, -62.5004, 1.0000)>
MESH
Fence_1.011
<Matrix 4x4 (  -0.4623,  0.0000,  0.8867, 0.0000)
            (   0.0000,  1.0000,  0.0000, 0.0000)
            (  -0.8867,  0.0000, -0.4623, 0.0000)
            (-182.8800, 54.8912,  6.3884, 1.0000)>
MESH
Fence_1.012
<Matrix 4x4 (  -0.1463,  0.0000,  0.9892, 0.0000)
            (   0.0000,  1.0000,  0.0000, 0.0000)
            (  -0.9892,  0.0000, -0.1463, 0.0000)
            (-160.1780, 54.8912, 74.4944, 1.0000)>
MESH
Fence_1.013
<Matrix 4x4 (   0.1864,  0.0000,   0.9825, 0.0000)
            (   0.0000,  1.0000,  -0.0000, 0.0000)
            (  -0.9825,  0.0000,   0.1864, 0.0000)
            (-116.0787, 54.8912, 131.3798, 1.0000)>
MESH
Tree_V
<Matrix 4x4 (1.0000, 0.0000,  0.0000, 0.0000)
            (0.0000, 1.0000, -0.0000, 0.0000)
            (0.0000, 0.0000,  1.0000, 0.0000)
            (0.0000, 0.0000,  0.0000, 1.0000)>
MESH
Tree_V.001
<Matrix 4x4 ( 1.0000, 0.0000,  0.0000, 0.0000)
            ( 0.0000, 1.0000, -0.0000, 0.0000)
            ( 0.0000, 0.0000,  1.0000, 0.0000)
            (94.5214, 0.0000,  9.0677, 1.0000)>
MESH
Tree_V.002
<Matrix 4x4 (  1.0000, 0.0000,  0.0000, 0.0000)
            (  0.0000, 1.0000, -0.0000, 0.0000)
            (  0.0000, 0.0000,  1.0000, 0.0000)
            (168.5760, 0.0000, 70.8610, 1.0000)>
MESH
Tree_V.003
<Matrix 4x4 (  1.0000, 0.0000,  0.0000, 0.0000)
            (  0.0000, 1.0000, -0.0000, 0.0000)
            (  0.0000, 0.0000,  1.0000, 0.0000)
            (-94.8728, 0.0000, 92.1387, 1.0000)>
MESH
Mushrooms_1
<Matrix 4x4 (1.0000, 0.0000,  0.0000, 0.0000)
            (0.0000, 1.0000, -0.0000, 0.0000)
            (0.0000, 0.0000,  1.0000, 0.0000)
            (0.0000, 0.0000,  0.0000, 1.0000)>
MESH
Mushrooms_1.001
<Matrix 4x4 ( 1.0000, 0.0000,  0.0000, 0.0000)
            ( 0.0000, 1.0000, -0.0000, 0.0000)
            ( 0.0000, 0.0000,  1.0000, 0.0000)
            (38.8397, 0.7766, 11.1119, 1.0000)>
MESH
Mushrooms_1.002
<Matrix 4x4 ( 1.0000,  0.0000,   0.0000, 0.0000)
            ( 0.0000,  1.0000,  -0.0000, 0.0000)
            ( 0.0000,  0.0000,   1.0000, 0.0000)
            (34.9315, -3.5708, -44.0288, 1.0000)>
MESH
Mushrooms_1.003
<Matrix 4x4 (  1.0000,  0.0000,   0.0000, 0.0000)
            (  0.0000,  1.0000,  -0.0000, 0.0000)
            (  0.0000,  0.0000,   1.0000, 0.0000)
            (-41.5770, -0.5782, -25.2259, 1.0000)>
MESH
Mushrooms_1.004
<Matrix 4x4 (  1.0000,  0.0000,  0.0000, 0.0000)
            (  0.0000,  1.0000, -0.0000, 0.0000)
            (  0.0000,  0.0000,  1.0000, 0.0000)
            (-73.9567, -2.9075, -1.4482, 1.0000)>
MESH
Mushrooms_1.005
<Matrix 4x4 (  1.0000,  0.0000,   0.0000, 0.0000)
            (  0.0000,  1.0000,  -0.0000, 0.0000)
            (  0.0000,  0.0000,   1.0000, 0.0000)
            (-86.7860, -4.2403, -41.7871, 1.0000)>
MESH
Mushrooms_1.006
<Matrix 4x4 (   1.0000,  0.0000,  0.0000, 0.0000)
            (   0.0000,  1.0000, -0.0000, 0.0000)
            (   0.0000,  0.0000,  1.0000, 0.0000)
            (-143.4281, -3.0500, 52.1342, 1.0000)>
MESH
Mushrooms_1.007
<Matrix 4x4 (   1.0000,  0.0000,  0.0000, 0.0000)
            (   0.0000,  1.0000, -0.0000, 0.0000)
            (   0.0000,  0.0000,  1.0000, 0.0000)
            (-185.6261, -6.6241, 61.4039, 1.0000)>
MESH
Mushrooms_1.008
<Matrix 4x4 (   1.0000,  0.0000,  0.0000, 0.0000)
            (   0.0000,  1.0000, -0.0000, 0.0000)
            (   0.0000,  0.0000,  1.0000, 0.0000)
            (-148.8835, -4.1484, 91.1176, 1.0000)>
MESH
Mushrooms_1.009
<Matrix 4x4 (   1.0000,  0.0000,   0.0000, 0.0000)
            (   0.0000,  1.0000,  -0.0000, 0.0000)
            (   0.0000,  0.0000,   1.0000, 0.0000)
            (-133.6542, -2.3670, 100.3131, 1.0000)>
MESH
Mushrooms_1.010
<Matrix 4x4 (   1.0000,  0.0000,  -0.0053, 0.0000)
            (  -0.0000,  1.0000,  -0.0000, 0.0000)
            (   0.0053,  0.0000,   1.0000, 0.0000)
            (-151.4460, -2.8524, 111.8550, 1.0000)>
MESH
Mushrooms_1.011
<Matrix 4x4 ( 1.0000,  0.0000,  0.0000, 0.0000)
            ( 0.0000,  1.0000, -0.0000, 0.0000)
            ( 0.0000,  0.0000,  1.0000, 0.0000)
            (79.4263, -0.0919, 35.8292, 1.0000)>
MESH
Mushrooms_1.012
<Matrix 4x4 (  1.0000,  0.0000,  0.0000, 0.0000)
            (  0.0000,  1.0000, -0.0000, 0.0000)
            (  0.0000,  0.0000,  1.0000, 0.0000)
            (124.4947, -5.3813, 39.9014, 1.0000)>
MESH
Mushrooms_1.013
<Matrix 4x4 ( 1.0000,  0.0000,  0.0000, 0.0000)
            ( 0.0000,  1.0000, -0.0000, 0.0000)
            ( 0.0000,  0.0000,  1.0000, 0.0000)
            (97.3013, -0.6470, 70.2896, 1.0000)>
LIGHT
Sun
<Matrix 4x4 (1.0000,   0.0000,  0.0000, 0.0000)
            (1.0000,   1.0000,  1.0000, 0.0000)
            (0.0000,  -0.6340, -0.7733, 0.3500)
            (0.0000, 152.1753,  0.0000, 1.0000)>
